dates,satname,nzd0572-0000,nzd0572-0001,nzd0572-0002,nzd0572-0003,nzd0572-0004,nzd0572-0005,nzd0572-0006,nzd0572-0007,nzd0572-0008,nzd0572-0009,nzd0572-0010,nzd0572-0011
1999-07-25 22:05:51.165000,L7,226.78,239.20,228.80,239.84,232.54,209.50,213.01,222.62,235.26,243.37,224.20,222.20
1999-08-26 22:06:20.800000,L7,207.81,216.71,217.96,201.44,188.93,170.04,157.31,188.15,204.81,212.30,208.19,203.02
1999-09-20 22:00:08.403000,L7,319.61,276.24,286.37,289.63,284.64,313.15,326.58,294.14,294.14,313.69,324.11,282.11
1999-09-27 22:06:00.877000,L7,205.45,218.98,162.24,156.79,86.25,76.18,194.20,211.06,211.65,209.69,209.97,205.05
1999-10-22 22:00:04.598000,L7,221.00,215.63,142.86,270.88,337.02,364.62,353.99,,286.38,252.18,231.29,218.82
1999-11-30 22:05:47.159000,L7,108.92,204.77,208.79,189.68,191.67,181.94,168.94,183.82,187.05,192.71,196.96,156.36
1999-12-09 22:00:09.551000,L7,254.29,258.75,264.74,260.89,258.46,259.05,260.59,262.77,255.43,267.38,262.50,264.18
1999-12-16 22:05:57.846000,L7,255.16,258.18,259.00,259.75,268.77,256.56,251.64,268.29,249.71,247.00,246.15,239.35
1999-12-25 22:00:04.067000,L7,222.84,226.05,230.60,215.49,224.44,216.22,213.89,222.61,224.20,227.69,220.11,217.22
2000-01-26 22:00:02.226000,L7,272.53,256.07,261.02,260.91,257.30,254.79,253.56,259.97,260.68,259.78,254.62,248.69
2000-02-11 21:59:57.866000,L7,270.95,257.26,263.45,254.88,250.30,252.63,250.88,252.18,252.61,257.28,251.88,246.21
2000-02-27 21:59:52.393000,L7,261.19,250.66,254.34,256.85,254.33,253.93,250.24,256.87,253.75,258.86,255.62,245.87
2000-03-30 21:59:45.397000,L7,218.70,216.86,218.60,212.96,209.21,200.66,174.11,209.48,218.38,214.26,219.25,215.41
2000-05-01 21:59:30.586000,L7,220.73,238.62,227.84,231.66,225.00,226.26,215.98,224.63,232.27,224.20,230.13,225.99
2000-05-08 22:05:09.063000,L7,,,112.41,157.88,26.47,44.24,174.01,190.91,181.57,99.52,,
2000-05-24 22:04:58.537000,L7,214.12,212.43,158.10,201.37,211.39,201.91,172.04,207.32,204.30,204.58,213.75,210.17
2000-06-18 21:59:03.789000,L7,210.35,179.75,214.76,207.24,204.30,140.92,161.41,172.97,177.53,198.51,201.27,
2000-07-04 21:58:50.402000,L7,132.72,216.77,212.42,205.35,206.11,157.84,141.96,132.19,138.42,68.38,31.67,146.45
2000-08-05 21:58:20.584000,L7,211.79,216.89,162.55,73.92,204.83,187.27,64.21,82.63,123.04,55.20,31.69,130.76
2000-09-13 22:04:02.015000,L7,,,103.98,174.09,159.85,174.35,179.58,182.99,204.41,205.23,198.34,196.73
2000-10-24 21:57:29.684000,L7,218.14,231.59,226.23,213.33,221.50,219.05,216.39,225.56,212.35,209.19,211.92,217.00
2000-11-09 21:57:33.274000,L7,224.43,225.12,230.43,218.04,224.91,221.29,215.56,224.24,229.61,229.93,225.51,220.70
2000-11-25 21:57:34.931000,L7,220.97,222.51,226.68,216.22,218.23,213.12,211.11,213.25,219.70,226.05,217.96,213.54
2000-12-11 21:57:36.803000,L7,209.83,213.61,215.27,207.90,204.33,196.45,189.23,196.04,205.96,204.60,202.69,186.76
2001-01-03 22:03:24.303000,L7,260.51,262.63,267.03,262.13,255.37,260.56,256.05,265.66,257.71,263.42,258.18,245.08
2001-01-19 22:03:55.051000,L7,230.67,232.12,232.88,215.38,231.43,231.25,219.12,225.12,233.18,209.78,229.49,226.18
2001-02-13 21:57:39.607000,L7,220.86,224.88,228.90,221.85,213.78,205.19,205.10,218.50,231.03,228.65,223.99,221.67
2001-02-20 22:03:48.640000,L7,224.82,233.54,172.27,155.19,221.77,215.62,215.28,212.04,209.47,205.49,211.38,211.53
2001-05-20 21:57:04.892000,L7,208.28,,,132.14,123.41,116.67,18.08,192.64,,,,
2001-05-27 22:03:12.319000,L7,168.92,206.31,202.58,189.84,194.92,144.60,163.42,182.80,164.46,184.48,178.70,
2001-06-05 21:56:52.440000,L7,223.96,238.92,232.03,217.27,215.57,217.96,208.16,215.24,213.97,216.06,221.48,214.36
2001-06-28 22:02:21.050000,L7,262.34,257.81,264.73,256.66,254.53,254.64,254.69,263.43,258.13,259.45,252.50,252.73
2001-07-07 21:56:36.067000,L7,229.01,242.60,230.99,224.38,226.11,222.61,213.70,220.77,213.35,221.10,220.36,219.16
2001-07-14 22:02:21.695000,L7,177.85,216.27,,201.24,197.89,127.69,122.64,133.84,172.04,90.47,162.47,
2001-08-08 21:56:12.984000,L7,,,,,131.63,121.19,83.90,182.78,111.79,175.33,197.48,
2001-08-15 22:01:50.547000,L7,217.94,230.04,239.29,212.95,213.54,203.77,212.14,215.01,212.97,213.77,224.30,218.15
2001-09-25 21:55:40.572000,L7,278.58,264.16,267.41,264.58,269.65,261.54,263.72,270.81,276.81,266.51,261.05,250.17
2001-10-02 22:01:16.521000,L7,211.99,223.24,230.46,212.33,207.08,201.18,179.28,203.90,211.69,225.82,218.64,213.29
2001-10-11 21:55:21.747000,L7,263.29,255.71,258.76,260.34,258.54,256.92,255.01,263.73,257.87,264.37,264.50,246.62
2001-12-30 21:55:49.115000,L7,215.07,219.16,157.66,129.39,215.37,214.14,209.54,210.44,218.62,217.83,212.94,211.72
2002-01-22 22:02:16.754000,L7,114.64,22.03,25.19,,138.34,148.90,199.48,204.18,190.12,194.27,123.80,126.01
2002-03-04 21:56:09.860000,L7,246.59,244.21,248.69,252.55,250.64,257.15,255.18,258.67,254.86,257.68,248.27,239.37
2002-03-11 22:02:19.622000,L7,172.48,160.90,172.36,131.92,158.41,202.00,195.31,195.05,211.17,210.46,217.26,214.84
2002-03-27 22:01:49.448000,L7,163.08,156.34,211.23,157.47,218.83,204.31,207.22,220.91,230.56,225.60,219.45,217.18
2002-05-07 21:56:03.729000,L7,223.80,238.82,238.90,219.71,231.56,225.79,217.94,237.38,233.66,241.51,235.66,223.20
2002-05-30 22:01:37.827000,L7,215.87,228.20,230.50,221.15,217.18,205.58,172.77,215.45,205.32,220.09,220.53,211.62
2002-07-17 22:01:20.506000,L7,263.46,263.89,267.17,261.91,267.95,268.92,259.23,277.32,257.20,267.09,258.71,259.20
2002-08-02 22:01:37.150000,L7,220.71,231.79,246.93,233.77,228.33,224.34,218.48,239.51,229.41,231.09,229.80,231.72
2002-08-18 22:01:09.559000,L7,219.94,230.35,236.49,223.82,220.23,220.89,215.30,222.46,224.57,231.17,225.49,221.28
2002-08-27 21:55:12.096000,L7,283.50,268.21,273.42,279.36,281.68,292.32,306.06,284.97,276.10,288.63,292.35,267.30
2002-09-12 21:55:07.575000,L7,257.16,263.77,264.53,260.99,265.59,255.17,246.45,255.47,253.89,257.38,248.89,243.17
2002-10-14 21:54:55.882000,L7,263.35,256.79,261.70,260.01,262.68,260.79,260.21,265.42,258.62,265.68,255.32,247.26
2002-10-21 22:00:48.324000,L7,254.38,254.94,265.61,258.40,258.66,256.72,260.15,261.59,259.51,265.43,255.16,250.23
2002-10-30 21:55:01.471000,L7,263.45,256.72,261.36,261.85,264.36,262.90,258.36,265.28,254.53,262.58,253.79,242.92
2002-11-22 22:01:09.678000,L7,,,,,95.67,150.23,185.20,192.65,169.35,,,
2003-01-18 21:55:42.118000,L7,254.80,256.06,259.75,267.40,267.73,262.14,258.67,260.59,252.81,261.81,252.85,249.85
2003-03-07 21:55:58.558000,L7,228.46,223.48,228.58,236.95,225.54,235.80,218.09,222.50,240.53,208.58,215.54,218.30
2003-03-14 22:02:08.508000,L7,233.75,234.71,231.77,211.76,230.08,215.76,217.11,217.89,232.60,243.00,211.59,209.04
2003-03-23 21:55:52.571000,L7,271.81,260.62,264.30,264.75,268.60,260.95,259.82,261.14,257.00,262.98,259.25,249.47
2003-04-08 21:55:59.443000,L7,214.59,216.09,220.29,209.83,215.75,201.16,210.02,214.99,213.41,219.52,221.96,217.42
2003-04-24 21:55:58.309000,L7,225.00,231.41,224.35,219.32,220.01,220.34,212.91,220.36,226.11,221.70,225.66,220.22
2003-07-21 21:43:45.776000,L5,183.71,214.80,221.92,220.97,212.94,214.88,202.31,212.29,209.88,216.95,209.53,193.37
2003-08-13 21:49:56.757000,L5,,209.19,166.81,80.71,207.33,204.50,190.05,196.01,200.08,208.54,204.44,176.95
2003-08-29 21:50:38.152000,L5,121.55,206.70,212.07,205.01,201.38,202.37,190.34,198.57,213.46,221.57,214.44,194.64
2003-09-14 21:50:54.515000,L5,251.07,250.06,247.00,262.53,252.82,256.72,261.65,275.18,272.15,265.73,244.13,240.74
2003-10-16 21:50:55.996000,L5,222.53,227.43,232.47,232.55,232.22,235.05,245.35,243.83,245.77,250.97,238.78,227.42
2003-12-28 21:45:57.554000,L5,240.20,228.11,232.21,243.78,238.64,232.81,236.36,235.91,247.23,247.75,237.96,226.64
2004-01-04 21:51:46.048000,L5,142.07,206.77,210.61,212.34,209.30,185.16,181.95,182.98,170.99,187.63,66.94,105.82
2004-02-05 21:52:16.959000,L5,212.10,215.77,128.64,154.74,167.45,164.61,219.39,217.68,209.73,211.28,209.79,199.60
2004-04-09 21:52:55.698000,L5,162.87,209.83,209.32,216.58,211.87,207.68,212.22,214.22,204.48,204.64,87.22,180.32
2004-04-18 21:47:01.335000,L5,198.02,207.00,174.59,20.96,210.01,202.42,199.52,210.45,204.54,202.58,192.10,183.75
2004-06-05 21:48:24.950000,L5,206.45,215.10,213.50,211.36,208.25,199.72,185.54,195.14,210.53,211.26,209.44,200.65
2004-06-12 21:54:47.510000,L5,206.57,214.00,213.16,208.41,206.17,200.74,171.66,185.70,209.78,205.22,209.05,196.48
2004-07-07 21:49:21.098000,L5,125.84,212.59,209.41,212.55,206.60,203.97,166.39,200.62,209.55,211.43,207.78,182.04
2004-07-14 21:55:43.104000,L5,,194.92,161.46,107.35,192.67,179.30,164.41,153.07,196.62,204.77,200.48,
2004-07-23 21:49:45.084000,L5,,87.77,204.33,208.08,201.78,183.44,169.01,158.08,200.34,206.56,202.93,192.21
2004-07-30 21:56:03.892000,L5,,205.74,201.93,208.00,200.29,192.70,175.35,188.79,211.09,212.21,195.89,191.70
2004-08-24 21:50:29.935000,L5,,207.67,205.35,209.33,200.95,198.10,185.72,196.89,200.01,209.82,206.01,198.96
2004-09-16 21:56:53.497000,L5,,196.36,205.43,206.87,210.01,211.84,208.74,207.39,198.65,202.87,114.42,17.80
2004-09-25 21:51:19.231000,L5,,210.61,213.38,215.72,216.43,218.10,207.38,213.19,198.24,208.24,205.04,192.05
2004-10-02 21:57:14.880000,L5,,205.21,92.72,69.80,216.07,208.13,200.04,204.25,183.16,198.18,195.84,92.42
2004-11-19 21:58:07.046000,L5,224.63,213.88,212.15,213.19,216.33,215.09,213.85,214.36,229.58,235.65,227.49,218.80
2005-01-15 21:53:21.356000,L5,237.97,235.43,242.58,235.13,242.91,239.05,242.99,237.38,239.18,247.80,234.04,227.41
2005-02-23 21:59:43.397000,L5,124.10,205.41,206.87,212.02,202.04,195.75,187.32,191.98,194.46,207.74,202.20,195.76
2005-03-04 21:54:04.136000,L5,235.70,232.70,240.13,245.54,238.20,244.80,240.32,234.77,239.49,240.89,238.18,228.19
2005-03-11 22:00:19.764000,L5,254.94,250.19,257.03,270.68,265.14,267.93,267.28,258.55,267.49,265.99,246.08,250.43
2005-03-27 22:00:27.368000,L5,,200.01,205.24,204.98,198.32,190.55,175.31,201.71,212.19,216.30,213.40,202.23
2005-04-05 21:54:19.058000,L5,,205.98,204.69,203.14,202.79,193.30,178.85,193.87,192.31,206.19,200.67,190.73
2005-04-12 22:00:30.943000,L5,140.12,209.10,211.54,210.14,208.62,202.42,195.43,200.76,199.95,207.42,206.21,186.11
2005-04-21 21:54:22.812000,L5,205.31,218.24,217.34,220.01,215.95,214.21,204.21,211.06,210.69,212.99,211.36,196.59
2005-05-23 21:54:36.577000,L5,155.59,208.25,213.81,212.50,210.23,210.48,196.93,211.11,212.89,215.87,208.90,195.93
2005-05-30 22:00:27.276000,L5,151.69,208.38,209.34,207.13,208.30,202.95,197.83,207.84,201.75,206.51,207.01,204.15
2005-06-08 21:54:44.925000,L5,149.30,216.25,210.02,207.69,206.68,198.26,193.89,201.32,211.95,211.38,207.53,199.96
2005-07-01 22:01:02.156000,L5,139.18,212.03,166.18,80.08,207.45,200.32,188.03,205.21,210.72,203.34,204.21,78.84
2005-08-27 21:55:20.007000,L5,240.43,240.73,243.82,241.43,244.73,246.21,254.37,243.25,249.78,247.04,242.09,231.41
2005-09-12 21:55:22.413000,L5,143.64,209.54,207.74,205.56,208.29,207.68,199.09,207.10,190.94,207.22,205.47,188.37
2005-09-28 21:55:20.450000,L5,294.37,265.58,276.77,274.30,274.34,289.85,323.35,278.39,280.36,296.25,287.04,259.44
2005-10-05 22:01:29.249000,L5,250.15,246.30,254.88,262.10,260.74,259.31,257.89,256.89,262.21,258.20,251.56,245.87
2005-10-30 21:55:15.307000,L5,92.20,198.71,203.09,219.70,220.82,219.57,214.28,212.96,211.43,209.32,199.24,183.93
2005-11-22 22:01:34.747000,L5,210.98,224.44,234.70,242.16,251.98,232.95,231.71,234.86,223.72,218.24,214.53,205.81
2006-01-25 22:03:05.026000,L5,286.55,264.65,276.85,282.57,278.69,302.39,327.62,278.27,272.06,290.90,275.40,259.11
2006-01-25 22:03:29.142000,L5,287.01,264.72,275.34,281.47,277.39,300.62,324.72,279.00,271.38,287.45,275.80,260.54
2006-02-19 21:57:51.685000,L5,289.22,251.91,255.44,259.36,263.87,285.96,318.37,261.89,266.11,280.89,255.55,246.01
2006-06-27 22:00:00.431000,L5,,91.80,216.77,207.60,207.83,207.96,191.41,207.60,206.57,208.17,217.37,197.82
2006-09-06 22:06:43.491000,L5,,198.27,209.08,205.94,208.63,207.30,199.74,207.52,203.28,200.61,128.42,93.09
2006-09-15 22:01:03.273000,L5,231.86,235.39,241.15,245.11,246.52,245.07,238.04,241.75,246.32,249.25,233.84,223.04
2006-09-22 22:06:54.827000,L5,,198.93,203.73,197.68,205.11,197.42,209.14,214.14,208.12,218.42,129.06,186.93
2006-10-08 22:07:29.137000,L5,,194.04,157.78,75.30,210.62,207.75,202.09,209.93,203.01,209.71,194.02,48.32
2006-10-24 22:07:14.438000,L5,,205.17,205.26,208.06,204.26,195.14,195.38,197.97,198.05,198.94,197.12,62.46
2006-11-02 22:01:32.743000,L5,214.03,219.69,222.80,204.75,195.10,187.93,187.07,197.20,,,,186.83
2006-12-11 22:08:04.096000,L5,231.98,232.39,239.98,241.98,248.76,261.70,261.21,251.18,257.49,264.09,243.45,231.62
2007-01-05 22:02:04.371000,L5,255.02,248.89,256.06,261.88,258.81,257.02,264.87,261.12,264.77,260.86,254.17,250.18
2007-01-21 22:02:09.591000,L5,202.93,203.48,204.21,209.01,204.87,205.58,212.59,214.47,209.02,218.99,213.98,205.47
2007-09-09 22:06:09.271000,L5,66.00,214.46,210.63,203.16,203.00,198.72,197.71,200.77,198.29,196.59,121.69,124.21
2007-09-09 22:06:33.244000,L5,67.01,214.72,211.94,202.82,203.47,199.61,198.52,201.58,199.50,197.24,206.91,188.11
2008-02-25 21:57:37.029000,L5,269.55,260.16,268.06,272.23,266.40,270.75,288.56,269.20,262.83,274.51,267.48,259.20
2008-10-29 21:56:36.227000,L5,157.53,215.22,216.03,207.84,203.88,200.49,200.27,203.02,195.82,195.17,209.10,197.34
2008-10-29 21:57:00.343000,L5,137.75,216.72,217.94,208.83,205.13,201.33,201.13,204.40,197.18,197.01,210.23,198.77
2008-12-09 21:51:18.382000,L5,214.03,219.25,219.94,217.22,212.26,201.57,200.41,201.66,199.47,208.33,212.09,197.65
2009-01-17 21:58:08.507000,L5,193.23,197.51,195.68,203.53,203.48,191.52,183.51,200.85,171.86,37.96,29.79,177.00
2009-02-02 21:58:58.159000,L5,235.49,244.09,243.36,250.54,255.33,255.91,244.94,242.04,244.49,249.83,234.74,227.08
2010-01-29 21:58:05.346000,L5,60.67,195.43,197.23,202.65,206.77,196.03,194.24,208.77,189.19,200.84,208.10,185.99
2010-02-05 22:03:53.684000,L5,229.31,225.34,235.76,241.12,242.74,240.89,245.65,240.49,235.95,235.88,229.36,225.08
2010-10-03 22:03:04.727000,L5,139.09,200.31,162.36,101.85,202.59,197.67,193.28,201.48,202.58,196.07,203.92,113.27
2010-10-12 21:57:13.086000,L5,298.24,264.61,267.88,271.06,282.61,305.71,330.85,285.46,299.12,317.93,294.93,269.84
2010-11-04 22:02:50.090000,L5,,,,23.88,103.79,157.99,213.97,209.63,211.53,215.13,213.32,200.16
2011-01-07 22:02:56.182000,L5,171.63,202.57,198.72,199.78,206.06,202.61,208.22,212.42,187.65,196.86,197.12,125.65
2011-01-16 21:57:09.950000,L5,260.45,252.37,265.01,263.29,262.76,262.38,270.02,257.47,263.69,263.89,255.65,248.38
2011-01-23 22:02:56.734000,L5,43.79,195.87,200.35,207.39,200.58,185.47,178.77,189.56,199.45,197.19,201.09,126.87
2011-01-23 22:03:20.850000,L5,253.01,254.64,260.87,264.65,259.05,261.59,265.45,260.01,260.72,256.85,252.90,246.36
2011-02-17 21:57:12.898000,L5,251.73,247.08,254.82,258.77,255.91,254.97,249.43,253.56,263.73,264.74,251.88,249.93
2011-03-12 22:02:55.330000,L5,240.05,233.09,236.64,239.95,239.56,240.27,236.42,231.74,237.53,236.56,233.75,225.66
2011-03-12 22:03:19.303000,L5,239.73,232.73,236.92,241.21,238.27,240.55,237.15,231.30,236.60,237.32,235.71,225.71
2011-03-28 22:02:50.009000,L5,241.01,230.73,232.31,233.75,229.36,236.80,235.15,229.99,240.45,240.08,238.79,226.79
2011-09-04 22:01:39.379000,L5,201.09,209.92,204.35,195.22,180.08,165.32,143.88,140.20,211.08,205.31,202.18,189.06
2011-09-13 21:55:45.838000,L5,196.55,212.21,206.75,194.50,180.97,169.56,151.78,138.43,201.13,51.72,193.75,202.94
2013-05-13 22:09:11.169000,L8,152.80,209.46,210.39,204.39,209.94,203.75,209.45,210.40,206.45,200.57,208.06,207.74
2013-05-29 22:09:17.297000,L8,154.92,209.81,204.98,201.50,207.95,205.21,206.68,209.83,204.13,199.59,206.87,195.45
2013-06-05 22:15:03.120000,L8,161.68,158.49,200.39,182.13,205.83,205.13,199.70,209.14,202.60,196.67,201.32,102.78
2013-07-07 22:15:24.044000,L8,213.18,212.04,209.12,201.77,183.51,178.66,169.33,167.44,202.07,67.24,198.92,95.66
2013-07-23 22:15:22.744000,L8,159.42,72.94,160.22,127.66,179.33,180.16,166.94,161.57,200.87,195.64,175.54,93.97
2013-09-02 22:09:16.475000,L8,258.72,260.96,267.20,260.23,265.78,256.38,259.38,260.38,257.90,263.84,256.82,255.09
2013-09-25 22:15:17.057000,L8,221.67,221.51,224.77,222.20,219.57,224.04,220.58,219.71,225.25,222.64,222.40,219.07
2013-10-27 22:14:43.714000,L8,149.94,58.93,204.54,188.24,147.46,92.32,134.59,176.37,177.32,183.00,202.52,95.44
2013-11-12 22:15:08.029000,L8,122.04,67.99,197.24,190.93,205.51,204.50,208.96,204.98,199.16,192.37,203.50,82.58
2013-11-28 22:14:37.848000,L8,114.80,52.97,199.70,198.16,191.46,169.27,208.27,193.39,203.76,200.63,206.88,202.76
2013-12-14 22:14:33.459000,L8,205.83,205.27,203.09,199.79,201.22,202.01,204.60,196.86,195.75,189.43,203.80,82.64
2013-12-14 22:14:57.422000,L8,152.47,100.28,202.42,198.26,199.52,199.96,201.78,195.48,192.37,187.24,203.26,79.76
2013-12-30 22:14:25.215000,L8,145.69,101.47,104.48,156.56,183.29,188.94,195.93,202.90,199.23,181.97,49.94,94.00
2014-01-24 22:08:21.364000,L8,214.83,216.46,213.36,,164.48,107.34,123.85,164.02,205.22,,,
2014-01-31 22:14:04.661000,L8,98.54,61.22,62.76,206.54,212.95,213.51,216.17,211.42,211.26,204.80,212.65,205.61
2014-02-09 22:08:09.113000,L8,206.03,204.59,203.12,198.27,196.48,203.60,200.51,184.49,201.06,193.28,204.97,95.71
2014-02-16 22:13:50.683000,L8,250.10,254.16,245.07,253.74,245.26,251.65,235.46,234.99,248.67,239.47,232.40,239.61
2014-02-16 22:14:14.638000,L8,249.90,253.98,244.85,253.28,245.30,235.72,235.82,234.04,248.53,239.02,232.37,239.42
2014-03-13 22:07:45.256000,L8,225.26,226.23,223.46,215.79,220.82,222.22,219.09,220.72,222.08,224.22,221.89,221.52
2014-03-20 22:13:25.653000,L8,207.38,208.01,207.75,195.64,197.77,203.28,170.23,155.65,201.19,190.60,204.48,85.86
2014-03-20 22:13:49.616000,L8,206.91,207.14,207.29,194.62,196.06,185.64,168.84,153.77,200.56,189.71,204.00,85.07
2014-04-05 22:13:10.561000,L8,227.79,223.49,223.55,218.76,218.34,218.96,219.72,219.43,223.23,222.88,223.68,219.54
2014-04-05 22:13:34.516000,L8,227.79,223.47,223.68,218.77,218.39,219.16,219.74,219.54,223.34,222.97,223.79,219.65
2014-04-21 22:12:54.038000,L8,,,,,61.60,111.64,121.74,53.01,,,,
2014-04-30 22:06:58.400000,L8,22.80,210.52,207.94,203.89,206.46,204.27,202.68,206.56,200.72,192.12,102.31,92.66
2014-05-07 22:12:37.911000,L8,151.85,210.37,210.63,202.33,205.91,202.52,201.80,206.27,201.28,194.59,100.60,91.18
2014-05-16 22:06:45.666000,L8,206.47,208.83,149.93,115.11,186.71,184.49,172.69,199.10,196.81,174.05,95.46,84.46
2014-06-01 22:06:50.694000,L8,216.42,217.06,214.66,208.06,211.27,208.46,208.48,213.12,204.90,201.63,207.65,206.70
2014-07-03 22:07:01.995000,L8,214.70,212.47,212.04,208.43,208.31,205.56,208.04,209.52,204.87,199.71,203.61,204.84
2014-08-04 22:07:14.381000,L8,153.03,208.07,154.27,119.48,203.60,203.97,200.64,207.55,201.48,197.55,201.61,97.63
2014-08-11 22:13:03.844000,L8,152.91,70.08,153.02,134.65,192.37,202.09,196.72,185.82,201.30,190.34,183.56,90.56
2014-08-27 22:13:05.288000,L8,154.07,72.08,146.53,116.63,205.78,196.15,175.14,204.98,201.82,197.69,205.03,162.86
2014-08-27 22:13:29.246000,L8,155.96,72.66,149.71,118.03,205.28,195.34,173.40,204.57,201.22,197.07,204.81,161.19
2014-09-05 22:07:21.754000,L8,206.10,204.05,159.44,154.97,201.24,202.50,198.25,201.88,199.11,189.37,166.03,93.54
2014-09-28 22:13:08.778000,L8,160.07,204.85,157.47,154.56,204.91,204.16,202.51,203.22,198.52,189.51,98.17,88.89
2014-09-28 22:13:32.732000,L8,16.28,149.57,160.15,157.32,145.27,203.59,200.93,200.72,196.56,186.42,198.96,85.66
2014-10-07 22:07:25.795000,L8,253.27,246.07,248.15,254.37,245.09,252.28,247.50,240.15,247.94,252.73,247.82,245.65
2014-10-14 22:13:14.573000,L8,222.65,224.52,227.86,218.51,220.02,219.99,219.97,221.04,219.50,224.91,220.54,215.26
2014-10-14 22:13:38.532000,L8,222.46,224.42,227.74,218.44,219.77,219.88,219.80,221.02,219.11,225.20,220.42,215.08
2014-11-08 22:07:28.004000,L8,246.32,252.74,246.33,253.98,243.09,252.07,255.79,246.07,251.60,255.49,250.60,249.77
2014-11-15 22:13:13.466000,L8,223.07,222.89,222.09,212.24,219.11,221.70,224.14,219.64,218.57,220.23,220.41,212.13
2014-11-15 22:13:37.425000,L8,221.21,222.45,221.28,211.72,218.87,220.51,223.11,219.22,216.86,219.60,219.94,211.78
2014-12-01 22:13:12.181000,L8,150.41,67.44,203.54,184.18,168.80,156.02,134.56,146.41,52.68,58.73,45.79,102.24
2014-12-01 22:13:36.144000,L8,150.18,67.23,202.20,183.04,168.35,155.43,132.38,145.71,200.68,192.46,166.47,101.46
2014-12-26 22:07:18.944000,L8,151.92,124.08,161.73,183.90,194.70,198.91,197.86,200.64,198.49,190.77,200.10,96.84
2015-01-02 22:13:02.831000,L8,246.07,246.36,246.41,252.30,245.94,248.45,250.62,252.40,249.28,258.81,243.96,244.98
2015-01-11 22:07:16.745000,L8,219.95,223.53,222.02,215.55,217.74,219.15,219.08,218.15,225.42,221.92,220.29,215.47
2015-01-27 22:07:11.201000,L8,225.76,226.71,226.11,219.68,218.86,225.04,220.02,220.25,251.85,225.43,221.57,221.58
2015-02-12 22:07:03.113000,L8,222.59,226.06,226.57,217.10,224.24,252.03,220.21,220.28,250.20,223.89,221.16,219.98
2015-02-19 22:12:49.582000,L8,250.28,245.70,242.27,256.36,246.80,256.33,236.69,240.52,250.12,244.74,245.12,240.84
2015-02-19 22:13:13.545000,L8,250.81,247.08,242.54,257.33,247.25,256.93,237.13,241.05,250.50,246.57,245.81,241.39
2015-02-28 22:07:00.305000,L8,225.96,225.43,227.03,219.09,223.72,215.89,220.62,219.86,232.61,223.31,223.36,221.40
2015-03-07 22:12:42.077000,L8,206.43,204.67,200.76,188.84,167.77,160.00,149.45,143.19,199.02,195.84,201.94,107.04
2015-03-23 22:12:32.997000,L8,156.62,75.98,203.35,195.85,168.21,167.51,167.73,164.14,198.64,193.34,10.59,97.88
2015-03-23 22:12:56.955000,L8,156.48,75.81,203.01,195.59,168.08,167.28,167.56,164.10,198.57,192.95,73.16,97.79
2015-04-01 22:06:37.659000,L8,227.59,231.30,229.22,226.41,226.64,221.19,221.04,237.72,245.67,231.19,229.46,227.70
2015-05-10 22:12:04.351000,L8,,,,,124.37,25.21,41.33,64.46,87.17,53.59,38.67,99.26
2015-05-19 22:06:16.557000,L8,212.05,210.65,206.04,203.59,205.01,203.91,200.01,47.52,189.27,185.80,164.13,90.33
2015-05-26 22:12:05.002000,L8,237.43,241.98,237.61,238.53,233.09,241.11,225.06,240.90,245.92,230.05,232.81,234.05
2015-05-26 22:12:28.969000,L8,238.86,243.20,240.22,241.52,234.32,243.60,227.65,242.91,246.96,233.12,233.68,236.53
2015-06-20 22:06:32.847000,L8,213.39,213.19,156.82,119.36,184.27,197.09,171.00,165.75,201.19,197.43,203.39,99.18
2015-06-27 22:12:22.174000,L8,150.70,211.45,159.20,124.89,186.37,203.79,166.50,155.25,202.23,197.99,203.95,204.68
2015-07-22 22:06:49.445000,L8,216.30,215.90,218.94,213.23,210.81,206.17,210.81,211.92,208.64,205.43,209.74,208.41
2015-07-29 22:13:01.696000,L8,208.84,208.73,207.37,204.36,180.70,185.71,165.33,154.54,202.03,196.72,199.24,98.23
2015-08-23 22:07:00.453000,L8,,,,185.15,145.49,155.80,111.39,169.31,133.25,16.39,6.96,70.31
2015-09-08 22:07:06.448000,L8,222.59,225.19,226.80,224.26,219.36,216.56,218.27,219.03,225.29,222.58,218.53,215.19
2015-09-24 22:07:13.635000,L8,285.37,257.87,266.08,261.13,262.49,280.07,302.46,265.51,275.13,282.15,275.10,256.90
2015-10-10 22:07:14.813000,L8,249.12,249.73,257.90,257.00,244.15,252.12,249.13,251.18,251.12,253.26,251.94,249.22
2015-12-04 22:13:09.054000,L8,,182.00,185.95,163.91,163.30,150.91,138.94,145.61,173.39,173.40,81.51,100.28
2015-12-13 22:07:21.432000,L8,250.67,255.15,255.97,257.01,245.90,252.34,230.59,238.14,248.06,238.49,241.29,242.51
2015-12-20 22:13:09.373000,L8,221.95,231.81,233.45,217.91,271.71,304.14,284.75,219.17,222.42,224.82,221.55,215.73
2015-12-20 22:13:33.327000,L8,223.95,232.16,233.47,217.98,271.85,304.09,285.24,219.29,223.11,224.76,221.70,216.71
2016-01-05 22:13:05.152000,L8,221.94,228.46,229.58,218.88,219.84,216.25,221.27,219.16,226.65,226.67,219.29,215.58
2016-01-05 22:13:29.107000,L8,222.13,229.22,229.63,218.91,219.76,216.19,221.29,219.45,226.69,226.18,219.31,215.79
2016-01-21 22:13:05.936000,L8,203.54,204.25,199.75,188.61,174.74,164.26,163.65,146.67,201.52,195.97,203.44,100.11
2016-02-06 22:13:01.784000,L8,150.48,208.29,206.68,199.39,184.17,204.48,183.13,196.45,201.60,190.16,136.33,109.30
2016-02-06 22:13:25.747000,L8,205.84,207.65,205.98,198.26,182.40,168.13,197.94,193.99,201.07,66.89,202.20,106.25
2016-02-22 22:12:54.448000,L8,,,84.67,162.80,178.13,202.36,176.26,183.31,177.15,178.08,,
2016-03-02 22:07:07.398000,L8,227.52,230.21,224.62,218.70,224.98,225.03,221.57,222.02,236.16,229.66,222.74,220.10
2016-03-09 22:12:52.770000,L8,245.19,241.03,239.65,234.85,241.38,241.04,233.99,238.39,249.17,236.66,232.09,228.51
2016-03-18 22:07:01.867000,L8,220.72,223.53,224.75,217.55,219.23,221.25,216.61,208.35,147.99,56.13,43.83,74.27
2016-04-10 22:12:37.539000,L8,221.40,223.71,224.42,223.59,218.44,216.23,219.12,220.45,221.24,219.66,218.95,216.55
2016-04-10 22:13:01.493000,L8,211.77,210.02,207.86,206.28,207.18,203.40,208.92,208.74,200.54,196.98,204.08,163.46
2016-04-19 22:06:46.856000,L8,258.91,258.38,264.20,258.71,254.02,255.95,260.71,259.44,253.88,260.46,254.54,251.79
2016-04-26 22:12:33.098000,L8,259.23,261.37,264.24,258.33,259.22,256.01,258.31,259.72,257.89,259.24,257.89,255.41
2016-04-26 22:12:57.053000,L8,259.69,261.36,264.28,258.46,259.55,256.22,258.54,259.91,257.98,259.47,258.08,255.59
2016-05-05 22:06:50.290000,L8,211.15,211.29,210.05,207.94,206.12,205.01,199.56,207.06,198.75,196.05,204.27,164.18
2016-05-12 22:12:32.560000,L8,210.68,209.36,207.99,204.10,204.80,200.32,199.96,204.85,198.59,196.22,204.08,102.66
2016-05-12 22:12:56.523000,L8,212.81,211.13,210.72,206.17,206.74,202.94,204.35,207.75,201.44,198.99,206.57,166.20
2016-06-06 22:06:54.973000,L8,215.03,212.08,151.14,114.81,207.99,203.71,205.53,208.15,203.92,200.22,208.21,109.08
2016-06-13 22:12:42.546000,L8,212.64,208.91,154.80,118.67,202.82,201.99,199.39,197.34,202.26,198.28,207.32,110.06
2016-06-13 22:13:06.505000,L8,211.79,207.98,161.30,124.93,197.49,198.98,196.00,193.60,201.02,196.55,206.53,106.91
2016-07-08 22:07:08.628000,L8,213.15,214.32,154.60,129.01,206.62,206.20,204.82,208.50,203.10,199.20,206.77,109.63
2016-07-15 22:12:58.211000,L8,211.59,211.25,212.50,208.02,201.71,203.55,196.66,205.84,200.78,196.57,201.83,104.43
2016-07-15 22:13:22.170000,L8,213.46,213.17,213.89,209.31,205.32,205.01,199.63,207.77,202.85,198.77,204.04,204.21
2016-07-24 22:07:13.819000,L8,211.91,210.95,161.14,121.40,193.18,192.52,165.49,161.30,200.01,195.85,167.75,106.98
2016-07-31 22:13:01.890000,L8,212.95,211.08,212.38,208.45,195.92,202.10,174.33,202.86,202.83,198.68,206.26,168.56
2016-08-09 22:07:15.795000,L8,234.07,231.02,230.53,232.62,226.65,221.27,220.74,222.45,226.70,225.13,223.07,222.54
2016-08-16 22:13:05.571000,L8,214.10,211.28,213.90,210.73,208.62,203.11,210.60,210.66,204.77,202.68,207.87,206.90
2016-08-16 22:13:29.538000,L8,210.93,208.55,155.45,119.81,206.09,199.44,208.83,208.94,201.57,53.54,119.69,191.81
2016-09-10 22:07:27.365000,L8,227.16,233.37,236.33,232.11,228.32,218.29,221.41,222.53,241.42,229.28,224.03,223.51
2016-10-03 22:13:40.493000,L8,,188.44,202.61,194.88,199.73,203.47,196.25,195.59,181.05,185.93,194.24,93.08
2016-10-12 22:07:33.085000,L8,202.75,205.13,202.87,203.22,205.42,204.79,204.05,205.61,200.05,193.83,201.36,147.43
2016-10-19 22:13:21.341000,L8,156.37,206.03,202.70,198.10,206.02,206.23,208.92,203.93,198.47,190.91,203.39,100.48
2016-12-15 22:07:29.991000,L8,248.92,250.19,249.48,256.61,244.33,250.36,237.36,245.92,251.65,240.22,244.51,243.82
2016-12-22 22:13:14.982000,L8,203.23,203.55,198.51,191.80,174.50,160.26,144.39,148.86,188.27,186.79,164.91,96.99
2017-01-07 22:13:12.261000,L8,203.14,203.53,198.52,91.07,113.49,127.63,173.90,172.83,199.52,185.23,185.67,101.68
2017-01-23 22:13:07.208000,L8,196.98,199.24,196.08,190.21,182.74,181.88,184.35,179.62,193.02,184.38,188.87,98.54
2017-01-23 22:13:31.167000,L8,128.93,89.60,198.55,192.95,188.59,190.00,192.47,186.43,198.71,187.82,195.39,105.00
2017-02-08 22:12:58.815000,L8,202.29,199.45,200.74,193.87,181.21,164.56,163.86,154.70,196.36,187.48,199.47,104.88
2017-02-08 22:13:22.774000,L8,202.10,199.26,200.46,193.77,180.99,164.45,163.78,154.51,196.04,187.32,199.26,104.54
2017-02-24 22:12:53.892000,L8,246.63,228.19,227.76,217.71,228.79,228.14,227.06,216.96,217.15,207.56,213.44,212.20
2017-02-24 22:13:17.856000,L8,215.71,199.99,203.69,200.51,217.91,215.31,219.99,213.41,211.68,204.77,210.72,208.12
2017-03-28 22:13:00.546000,L8,206.65,206.20,204.46,204.64,190.30,187.27,195.15,160.78,195.73,186.30,170.17,106.41
2017-04-06 22:06:45.830000,L8,128.87,77.98,156.46,153.57,204.31,198.74,203.65,203.45,200.65,196.72,201.62,113.57
2017-04-13 22:12:28.902000,L8,210.44,210.75,209.43,207.24,205.50,203.74,208.55,208.41,201.06,196.08,201.60,164.52
2017-04-22 22:06:36.244000,L8,224.53,224.92,225.45,227.77,218.84,219.32,218.70,220.53,222.31,219.46,216.36,219.38
2017-04-29 22:12:18.412000,L8,149.96,211.47,211.56,210.48,205.50,205.66,204.35,209.71,202.17,196.13,203.64,113.98
2017-05-24 22:06:46.292000,L8,137.26,68.05,212.15,211.88,208.27,206.41,208.90,209.23,204.26,197.30,203.80,114.16
2017-06-09 22:06:54.260000,L8,216.82,217.55,217.53,216.35,210.44,206.82,211.40,210.04,208.79,203.56,207.46,209.52
2017-06-25 22:06:59.518000,L8,217.07,218.16,217.23,215.04,211.57,208.14,211.72,211.84,207.10,200.94,205.91,206.14
2017-07-02 22:12:47.839000,L8,214.53,216.87,146.63,117.34,208.35,206.06,207.65,211.44,205.90,197.44,147.95,97.48
2017-07-02 22:13:11.807000,L8,212.99,215.56,154.57,135.50,206.59,204.33,204.72,209.80,203.52,192.80,42.56,87.67
2017-08-03 22:12:59.825000,L8,228.01,226.99,226.25,227.64,223.13,217.03,222.66,220.78,226.88,216.77,220.63,219.75
2017-08-03 22:13:23.788000,L8,230.36,228.81,227.74,229.69,225.10,222.90,224.75,221.70,229.99,219.03,222.25,221.31
2017-08-28 22:07:19.886000,L8,153.34,66.45,35.49,75.52,205.24,202.91,204.40,205.56,201.18,194.22,194.02,107.72
2017-10-22 22:13:19.023000,L8,235.58,232.46,238.16,241.69,235.38,232.05,230.42,232.07,235.62,233.93,231.57,238.31
2017-12-02 22:07:22.770000,L8,248.03,252.44,249.94,254.59,245.29,250.61,234.96,248.50,250.38,239.98,247.15,250.38
2018-01-26 22:12:57.087000,L8,220.82,223.63,222.76,218.43,218.08,215.64,219.39,221.87,220.97,223.01,213.36,216.96
2018-01-26 22:13:21.037000,L8,220.34,222.46,221.50,217.89,217.96,215.52,219.05,221.37,220.44,222.93,212.56,215.90
2018-02-11 22:12:50.362000,L8,207.99,203.90,207.45,200.67,203.63,196.65,163.48,153.94,199.72,185.55,107.40,112.67
2018-02-11 22:13:14.321000,L8,208.30,203.90,207.38,199.62,204.31,197.09,164.41,157.26,199.74,186.27,165.36,115.35
2018-02-20 22:07:00.077000,L8,211.11,66.15,206.45,201.93,203.36,199.24,164.65,155.78,180.46,167.60,15.69,102.01
2018-03-15 22:12:34.251000,L8,211.44,207.38,206.40,199.66,206.47,202.14,198.71,205.75,199.76,182.76,101.32,103.37
2018-03-24 22:06:44.096000,L8,211.51,210.06,210.00,204.57,207.48,205.04,201.94,206.41,201.69,190.54,189.23,117.01
2018-03-31 22:12:27.765000,L8,208.60,205.76,208.11,200.91,204.94,199.48,197.90,197.89,197.07,183.38,95.09,103.38
2018-03-31 22:12:51.719000,L8,207.60,204.86,206.51,199.50,204.13,198.36,196.50,196.83,194.10,182.25,,
2018-04-25 22:06:26.771000,L8,225.96,224.46,224.73,224.74,218.99,216.17,218.50,219.25,220.41,219.14,211.97,214.31
2018-05-02 22:12:09.737000,L8,210.88,208.55,212.15,205.24,205.30,202.01,199.72,199.16,199.84,188.72,100.95,111.73
2018-05-02 22:12:33.692000,L8,210.94,208.53,211.89,205.33,205.47,202.21,200.03,199.54,199.92,189.26,101.51,112.11
2018-05-18 22:12:22.813000,L8,214.60,215.92,215.13,208.88,206.67,206.14,203.86,207.73,207.53,198.60,198.15,165.04
2018-05-27 22:06:04.650000,L8,210.22,209.52,213.94,205.97,199.38,200.76,196.62,203.83,202.81,195.77,195.04,113.94
2018-06-19 22:11:57.514000,L8,121.30,75.25,29.09,114.42,193.42,189.02,175.44,199.17,203.69,196.61,200.17,
2018-06-19 22:12:21.473000,L8,121.01,74.70,27.66,111.31,195.08,190.11,176.29,201.88,204.46,197.01,201.13,
2018-06-28 22:06:16.147000,L8,211.43,214.70,216.95,212.03,207.33,200.19,209.54,209.43,207.74,203.03,204.99,205.23
2018-07-05 22:12:06.676000,L8,121.34,85.31,145.76,141.94,172.82,173.17,172.33,190.64,203.53,196.20,177.38,111.71
2018-08-22 22:12:30.412000,L8,,195.72,201.01,191.79,169.16,170.26,174.46,175.36,181.52,,,
2018-08-22 22:12:54.367000,L8,136.76,201.81,205.53,196.82,177.25,179.60,194.34,192.65,84.38,5.95,,93.14
2018-08-31 22:06:47.157000,L8,203.03,210.39,211.61,207.54,204.96,202.57,203.64,203.86,201.84,197.12,201.77,118.07
2018-09-07 22:12:36.278000,L8,201.71,209.84,210.74,208.04,202.56,201.83,210.65,204.23,203.20,199.73,202.86,116.54
2018-09-07 22:13:00.241000,L8,201.12,209.57,210.51,207.59,202.27,201.12,210.66,203.87,202.76,199.31,202.39,115.51
2018-09-23 22:12:41.211000,L8,244.01,245.30,247.68,254.35,241.65,245.35,237.69,241.40,246.55,245.80,237.50,246.10
2018-10-02 22:06:59.122000,L8,219.50,227.33,226.10,226.67,219.88,216.37,220.78,221.16,228.47,220.17,213.18,212.13
2018-10-18 22:07:05.594000,L8,217.93,224.41,224.02,222.34,216.72,215.53,219.57,220.45,219.90,218.02,212.82,210.44
2018-11-03 22:07:09.298000,L8,198.72,208.94,210.56,207.90,191.57,,,,,,,
2018-11-10 22:12:56.881000,L8,245.07,243.80,244.97,255.80,245.68,253.29,239.63,243.61,250.54,246.23,239.52,243.35
2018-11-10 22:13:20.844000,L8,244.97,243.40,244.59,255.62,245.47,253.26,239.17,243.47,250.36,245.89,239.27,243.35
2018-12-21 22:07:06.566000,L8,206.69,211.26,211.37,207.40,196.12,202.81,197.38,182.12,151.79,179.09,,
2019-01-22 22:07:02.132000,L8,240.50,239.16,238.92,240.04,236.41,232.21,233.50,232.64,243.46,236.06,242.87,242.78
2019-01-29 22:12:47.306000,L8,308.65,258.01,244.03,288.91,271.79,222.00,219.79,234.59,269.83,222.41,228.93,246.84
2019-02-07 22:06:59.544000,L8,254.38,253.42,255.14,258.58,248.66,251.02,256.50,255.48,254.69,260.15,246.56,250.24
2019-02-14 22:12:45.337000,L8,217.84,221.60,222.22,217.54,213.99,212.68,217.83,217.94,226.09,220.62,211.93,214.22
2019-02-14 22:13:09.296000,L8,217.69,221.51,222.20,217.38,213.73,212.66,217.68,217.85,225.82,220.58,211.89,214.15
2019-03-02 22:12:41.167000,L8,223.72,225.84,226.78,227.47,224.06,218.57,220.15,220.50,244.65,223.42,218.00,220.66
2019-03-02 22:13:05.126000,L8,221.41,223.67,225.42,224.05,222.14,216.42,219.03,218.90,230.20,222.18,215.73,219.11
2019-03-18 22:12:35.978000,L8,239.95,243.25,250.15,258.10,245.65,254.33,239.34,249.60,253.29,259.10,241.73,248.52
2019-03-18 22:12:59.932000,L8,240.11,243.26,250.19,258.12,245.84,254.32,240.58,249.72,253.28,259.21,241.76,248.79
2019-03-27 22:06:47.460000,L8,,,107.81,110.50,188.27,198.86,200.56,205.52,191.53,182.96,160.54,84.56
2019-04-03 22:12:32.527000,L8,128.75,203.91,206.89,198.99,190.94,184.70,176.22,194.21,198.88,188.02,0.40,96.38
2019-04-03 22:12:56.485000,L8,200.31,207.25,209.79,204.13,200.30,199.80,190.45,199.19,202.04,195.42,133.09,111.49
2019-04-12 22:06:42.607000,L8,203.94,206.73,207.04,203.98,198.64,192.38,174.77,194.68,200.70,100.46,150.65,115.03
2019-04-19 22:12:26.487000,L8,221.12,224.00,225.23,221.29,219.49,213.93,219.32,217.37,225.41,220.46,217.76,218.85
2019-05-05 22:12:52.815000,L8,219.76,223.33,222.44,242.53,266.25,221.78,237.80,222.08,243.22,217.35,217.22,215.47
2019-05-14 22:06:48.150000,L8,201.32,49.18,155.41,77.22,176.62,165.32,169.32,157.42,170.33,182.73,180.18,97.11
2019-05-21 22:12:39.194000,L8,208.95,212.19,214.40,211.72,208.19,202.98,197.37,206.83,204.83,199.65,203.96,206.06
2019-06-06 22:12:47.153000,L8,122.02,53.48,33.06,104.08,195.47,187.36,176.39,200.54,201.24,193.36,192.99,103.00
2019-06-06 22:13:11.112000,L8,203.92,209.00,151.03,97.97,196.98,190.19,177.49,201.90,202.01,70.14,195.74,104.69
2019-06-15 22:07:03.775000,L8,204.62,207.15,209.25,207.09,202.11,197.21,192.72,203.61,201.71,196.69,201.10,103.37
2019-07-17 22:07:10.971000,L8,124.29,47.61,36.10,77.92,197.89,192.76,191.30,201.85,202.29,195.23,191.60,102.45
2019-07-24 22:13:00.868000,L8,199.72,207.80,147.52,104.79,205.61,204.28,200.96,202.14,203.77,194.69,201.17,107.70
2019-07-24 22:13:24.827000,L8,200.27,207.65,209.15,208.21,206.15,204.23,201.83,201.95,203.36,195.94,201.16,107.07
2019-08-02 22:07:17.867000,L8,195.51,203.94,159.64,80.11,192.55,168.28,163.85,152.32,200.08,64.92,197.12,102.36
2019-08-18 22:07:23.116000,L8,145.71,201.88,205.93,202.19,174.31,158.98,137.08,134.16,202.30,197.03,200.79,102.76
2019-08-25 22:13:11.637000,L8,148.86,192.93,199.16,182.57,165.84,152.25,129.10,109.64,199.34,193.34,196.36,104.36
2019-08-25 22:13:35.591000,L8,145.46,36.93,161.72,76.28,163.96,150.34,126.69,106.90,198.19,190.59,194.29,100.06
2019-09-10 22:13:15.713000,L8,184.28,199.40,191.88,181.47,166.39,154.13,131.38,127.49,202.37,196.54,201.60,108.65
2019-09-19 22:07:32.145000,L8,216.09,214.21,216.39,218.17,216.74,210.32,219.19,211.78,219.55,217.82,212.63,211.62
2019-10-05 22:07:36.198000,L8,191.52,204.53,128.97,99.60,172.81,164.17,200.37,57.79,,,,
2019-10-12 22:13:24.068000,L8,195.94,204.18,207.34,207.41,201.92,193.89,210.73,201.34,207.69,202.92,201.50,106.07
2019-10-12 22:13:48.022000,L8,196.98,205.21,207.64,207.86,202.99,194.99,211.43,201.57,208.23,204.01,201.64,107.48
2019-10-28 22:13:24.474000,L8,246.34,241.53,242.51,253.48,241.29,247.23,236.83,236.37,248.31,247.01,243.76,240.14
2019-10-28 22:13:48.433000,L8,246.21,240.74,242.25,253.07,241.15,245.12,236.66,235.91,247.99,246.11,243.45,239.63
2019-11-29 22:13:20.022000,L8,203.22,208.47,207.01,201.90,198.45,195.93,192.12,189.17,198.40,186.94,193.16,100.78
2019-11-29 22:13:43.981000,L8,203.24,208.44,206.93,201.37,198.14,195.98,192.14,188.99,198.44,186.96,193.11,100.52
2019-12-08 22:07:32.611000,L8,203.80,206.12,206.80,202.12,193.97,191.71,184.43,184.88,199.17,186.06,129.25,100.71
2019-12-31 22:13:14.062000,L8,,,,,,,60.93,96.47,132.14,,,
2019-12-31 22:13:38.020000,L8,150.45,97.48,158.58,148.88,167.30,155.71,125.70,106.59,179.34,132.21,,
2020-01-09 22:07:25.588000,L8,239.53,235.86,235.36,233.26,234.93,229.63,224.78,227.02,245.35,234.08,222.07,223.90
2020-01-16 22:13:10.914000,L8,222.69,227.30,226.58,219.83,217.03,215.12,219.88,216.50,222.81,224.31,213.86,214.46
2020-01-16 22:13:34.872000,L8,223.35,226.20,225.81,219.43,216.53,214.86,219.67,216.11,222.35,223.28,213.74,214.19
2020-01-25 22:07:21.445000,L8,,,,207.87,207.07,203.62,211.53,207.43,209.58,205.91,202.80,202.57
2020-02-01 22:13:05.644000,L8,227.24,227.54,226.30,227.89,223.37,216.61,222.18,220.96,224.35,230.02,219.13,219.03
2020-02-10 22:07:16.756000,L8,219.99,223.79,223.51,216.05,214.93,214.46,216.88,215.36,220.20,218.87,212.68,212.71
2020-02-26 22:07:12.690000,L8,222.89,225.33,223.91,217.87,216.35,214.50,216.81,218.16,222.58,223.80,216.60,215.69
2020-03-04 22:12:56.927000,L8,218.96,224.69,225.97,219.56,217.90,249.37,218.88,218.97,225.66,225.05,217.88,220.45
2020-03-04 22:13:20.890000,L8,219.06,224.45,226.14,220.17,218.04,249.67,219.03,219.12,226.03,225.24,217.99,220.15
2020-03-13 22:07:06.074000,L8,222.08,223.28,223.39,217.58,220.05,215.58,218.09,215.52,227.43,221.82,216.55,215.41
2020-04-14 22:06:50.036000,L8,201.88,203.41,206.40,193.74,190.58,165.70,164.94,157.51,196.04,188.16,193.06,
2020-05-07 22:12:24.481000,L8,250.73,252.18,264.33,262.16,246.09,253.35,245.48,254.46,251.09,250.57,256.96,245.71
2020-05-07 22:12:48.436000,L8,212.15,212.82,215.02,211.40,210.64,209.77,210.43,210.28,208.85,206.55,207.94,209.62
2020-05-16 22:06:39.488000,L8,206.89,208.77,208.78,207.54,206.26,200.23,201.37,204.40,202.23,199.28,202.99,107.60
2020-06-01 22:06:44.481000,L8,244.59,234.73,230.17,261.54,267.59,254.45,257.61,260.09,254.80,253.46,228.40,229.77
2020-06-08 22:12:35.900000,L8,206.50,209.32,210.61,207.80,205.92,203.13,201.68,204.86,202.88,198.06,203.65,205.10
2020-06-08 22:12:59.859000,L8,206.51,209.42,151.04,84.55,205.83,202.94,201.62,205.07,202.92,197.76,125.15,205.27
2020-07-10 22:12:51.600000,L8,206.44,38.53,155.47,112.15,206.82,205.51,205.87,206.00,202.18,198.72,202.70,107.49
2020-07-10 22:13:15.559000,L8,208.02,211.42,211.20,210.81,207.79,206.27,207.52,207.32,203.70,200.02,204.13,204.92
2020-07-19 22:07:07.773000,L8,143.27,70.02,165.26,165.89,203.27,199.65,198.21,200.70,185.73,179.50,153.07,
2020-07-26 22:12:56.525000,L8,211.14,213.03,214.42,212.96,211.15,208.74,212.09,209.71,206.42,204.73,208.51,207.32
2020-07-26 22:13:20.488000,L8,232.15,236.18,238.63,240.00,230.66,227.83,228.28,224.34,229.77,229.16,223.09,225.60
2020-08-04 22:07:11.601000,L8,,201.63,201.26,198.21,198.20,200.52,198.76,196.51,184.21,,,
2020-08-11 22:12:59.530000,L8,232.69,236.45,233.88,238.70,231.14,228.08,229.80,225.81,231.81,230.18,222.61,226.36
2020-08-11 22:13:23.493000,L8,234.15,237.82,235.34,240.36,232.56,229.36,230.43,228.22,235.15,231.40,224.16,228.01
2020-08-27 22:13:08.244000,L8,231.93,231.07,231.45,233.93,228.57,224.78,229.63,222.63,231.22,224.26,221.78,221.06
2020-08-27 22:13:32.207000,L8,205.89,207.65,208.30,205.69,206.46,203.62,204.39,203.07,200.82,197.80,203.43,103.31
2020-09-21 22:07:30.724000,L8,274.57,260.33,264.90,261.55,262.33,260.19,283.66,262.09,259.68,268.29,266.70,256.48
2020-09-28 22:13:19.208000,L8,206.51,209.16,210.61,207.52,206.19,203.49,207.29,205.10,200.44,197.23,202.03,103.90
2020-10-14 22:13:20.968000,L8,203.35,206.47,206.14,204.60,207.55,204.96,208.09,202.09,200.60,196.69,200.38,103.58
2020-10-14 22:13:44.927000,L8,202.33,205.49,204.64,202.83,206.91,204.04,206.16,200.91,199.94,195.73,198.80,101.98
2020-11-15 22:13:18.132000,L8,247.76,243.47,244.29,248.98,242.07,230.89,234.96,233.33,247.30,236.82,236.18,237.46
2021-02-03 22:13:08.109000,L8,238.62,235.34,226.95,222.09,218.20,216.21,220.44,219.21,225.34,224.82,217.47,213.70
2021-02-03 22:13:32.068000,L8,239.14,236.68,227.02,221.93,218.45,216.61,220.77,219.73,226.58,224.59,218.10,213.93
2021-02-19 22:13:27.767000,L8,220.76,224.91,223.65,219.16,220.38,215.13,220.40,218.52,244.83,223.59,219.96,217.20
2021-03-07 22:12:56.281000,L8,196.93,204.46,203.64,196.75,194.98,191.86,191.83,193.08,199.87,192.40,165.18,111.64
2021-03-16 22:07:03.784000,L8,260.09,255.69,265.11,260.34,253.48,254.57,251.05,259.98,255.20,258.68,253.66,255.34
2021-04-17 22:06:54.118000,L8,204.75,205.73,205.98,205.71,203.52,193.82,195.03,195.72,200.29,197.11,114.38,107.53
2021-04-24 22:12:37.250000,L8,206.47,206.39,204.71,200.83,199.45,189.29,160.36,205.03,202.62,198.71,204.33,106.99
2021-05-03 22:06:44.632000,L8,229.68,235.33,227.08,231.35,231.62,222.31,222.90,221.82,238.37,227.92,223.80,225.33
2021-05-19 22:06:52.116000,L8,151.12,8.39,162.95,115.98,199.09,191.29,196.05,197.34,199.39,191.35,183.08,
2021-05-26 22:13:06.904000,L8,212.19,212.97,215.84,211.85,209.38,204.07,209.56,207.80,206.57,203.00,206.13,205.76
2021-06-27 22:12:54.060000,L8,206.65,40.01,160.36,113.33,205.67,203.01,207.37,204.69,200.85,196.10,201.71,99.57
2021-06-27 22:13:18.019000,L8,206.90,39.36,158.95,110.66,205.98,203.33,208.15,205.13,201.36,196.76,202.22,101.79
2021-07-06 22:07:08.299000,L8,212.63,211.20,212.89,210.79,206.59,203.94,209.32,207.01,203.01,198.21,203.46,104.63
2021-07-13 22:12:55.390000,L8,216.64,219.06,216.88,215.93,213.63,210.86,214.61,212.85,210.45,207.67,211.14,210.46
2021-07-13 22:13:19.348000,L8,216.88,219.11,217.04,216.01,213.73,210.86,214.63,212.94,210.60,207.76,211.25,210.58
2021-07-22 22:07:12.797000,L8,209.35,34.75,161.63,112.46,202.34,202.80,206.24,204.85,200.15,194.12,198.96,95.16
2021-08-14 22:13:09.539000,L8,211.67,210.90,214.87,212.70,209.94,207.26,212.65,208.25,204.96,202.67,205.60,203.61
2021-08-14 22:13:33.494000,L8,209.83,209.51,212.97,211.33,208.72,205.91,211.35,206.64,203.25,200.77,204.50,160.50
2021-08-23 22:07:25.117000,L8,205.84,40.04,161.65,93.63,204.33,200.11,203.90,200.05,198.62,195.88,198.60,103.61
2021-08-30 22:13:14.099000,L8,227.24,231.10,228.17,229.44,224.40,232.22,227.79,222.58,224.56,226.16,218.66,221.64
2021-08-30 22:13:38.062000,L8,227.07,231.01,228.11,229.15,224.32,232.61,227.81,222.54,224.41,226.00,218.51,221.29
2021-09-08 22:07:29.873000,L8,203.92,203.45,207.62,207.54,205.66,203.03,203.71,202.23,200.73,196.86,202.30,108.34
2021-09-24 22:07:32.728000,L8,206.23,206.93,207.26,207.05,205.44,202.12,203.56,198.19,199.55,198.07,198.29,100.36
2021-10-01 22:13:22.595000,L8,228.02,225.83,226.30,230.24,222.50,219.24,226.16,220.03,221.01,226.03,218.33,215.04
2021-10-01 22:13:46.563000,L8,230.18,227.00,227.66,232.15,224.59,220.92,227.70,220.87,222.24,228.46,219.85,216.40
2021-10-17 22:13:26.489000,L8,208.49,214.04,213.94,209.78,123.20,,,,,,,
2021-11-02 22:13:26.046000,L8,251.48,250.90,253.52,256.80,244.99,250.31,257.20,247.40,251.10,247.17,251.00,251.29
2021-11-02 22:13:50.004000,L8,250.88,249.45,251.80,256.42,244.42,249.66,256.57,246.21,250.69,245.62,250.20,250.41
2021-11-06 22:14:23.901000,L9,246.16,244.70,241.68,251.93,241.97,232.10,237.40,234.49,243.32,238.54,240.02,243.10
2021-11-18 22:13:20.648000,L8,205.49,205.64,203.76,201.31,205.92,200.45,198.30,197.77,198.42,191.69,132.59,105.17
2021-11-18 22:13:44.611000,L8,203.36,203.15,199.73,197.02,203.97,197.08,195.66,194.64,190.67,185.77,192.33,99.53
2021-12-20 22:13:20.111000,L8,198.46,202.13,204.79,199.84,193.70,189.22,192.24,188.38,198.30,186.73,195.05,102.14
2021-12-20 22:13:44.065000,L8,197.93,201.81,204.19,198.85,192.40,186.99,190.71,187.08,198.13,185.83,137.04,100.32
2021-12-21 22:07:31.120000,L9,257.96,252.45,249.99,252.74,241.78,246.24,245.02,244.80,247.81,241.28,250.05,257.43
2022-01-06 22:07:29.828000,L9,223.64,226.00,222.41,215.80,134.53,112.71,209.59,221.59,219.01,215.75,214.95,211.68
2022-01-13 22:13:14.621000,L9,259.38,249.64,253.26,255.18,246.30,255.07,264.51,256.01,254.69,262.58,261.53,250.45
2022-01-13 22:13:38.580000,L9,258.96,249.55,253.29,255.01,246.23,254.99,264.35,255.91,254.66,262.51,261.82,250.84
2022-01-21 22:13:11.780000,L8,247.79,249.63,245.56,254.44,242.76,248.68,243.87,248.81,249.87,249.64,251.50,248.37
2022-01-21 22:13:35.739000,L8,247.53,249.18,245.33,254.19,242.52,248.40,242.77,248.38,249.72,248.72,251.37,248.18
2022-01-29 22:13:17.402000,L9,249.98,253.29,254.75,255.65,244.05,252.85,258.13,248.92,249.56,258.00,251.94,247.82
2022-01-29 22:13:41.369000,L9,249.81,253.14,254.31,255.56,243.82,252.70,257.92,248.44,249.45,257.85,251.59,247.56
2022-01-30 22:07:22.237000,L8,248.25,242.44,245.53,257.82,242.07,253.55,257.43,244.10,249.75,242.20,245.39,248.04
2022-02-14 22:13:36.888000,L9,251.82,254.58,254.32,258.23,244.42,255.17,261.35,255.47,252.73,256.31,250.93,251.88
2022-02-15 22:07:18.025000,L8,251.45,254.77,255.09,258.24,243.41,252.59,256.29,248.78,252.92,254.07,251.65,254.22
2022-03-02 22:13:01.886000,L9,,193.12,194.10,190.63,193.48,191.17,185.92,191.32,177.55,180.83,,
2022-03-02 22:13:25.844000,L9,,190.74,163.55,147.93,192.26,189.64,184.21,49.71,174.58,177.44,,
2022-03-10 22:12:59.146000,L8,226.49,225.13,223.18,219.29,221.90,220.04,220.72,220.59,218.47,215.07,211.82,211.97
2022-03-26 22:12:47.702000,L8,220.12,224.62,223.44,220.39,217.30,214.78,217.97,218.75,218.97,222.80,217.87,219.27
2022-03-26 22:13:11.665000,L8,220.20,224.81,223.53,220.46,217.42,214.61,218.06,218.71,219.08,222.86,217.88,219.25
2022-03-27 22:07:10.369000,L9,209.64,209.69,212.07,210.03,204.62,203.53,202.88,202.35,205.39,202.47,206.56,155.79
2022-04-03 22:12:57.221000,L9,249.96,256.93,259.73,260.28,245.55,254.42,250.34,252.94,253.29,254.99,251.41,252.25
2022-04-03 22:13:21.180000,L9,249.28,256.47,257.86,260.05,245.39,254.11,248.50,251.46,253.27,253.80,251.08,251.74
2022-04-11 22:12:50.301000,L8,289.61,261.25,266.54,263.49,266.88,274.44,303.47,264.99,275.63,284.60,283.65,268.33
2022-04-28 22:06:58.925000,L9,220.76,218.70,220.16,216.27,214.48,212.97,211.83,215.85,215.72,214.10,214.21,203.15
2022-05-05 22:12:42.986000,L9,209.26,210.64,212.50,208.88,195.28,180.59,156.45,152.30,204.00,200.49,205.08,206.32
2022-05-05 22:13:06.945000,L9,208.91,210.32,212.30,208.65,194.77,178.24,154.15,151.18,203.68,200.18,204.84,205.99
2022-05-06 22:07:05.573000,L8,213.21,212.07,212.88,213.16,202.80,198.13,204.62,200.74,207.32,204.99,207.57,208.33
2022-05-21 22:12:31.466000,L9,207.50,211.35,212.62,208.99,196.89,203.10,196.18,200.88,204.07,198.62,203.75,206.33
2022-05-22 22:07:10.472000,L8,211.14,212.11,212.29,211.84,203.71,202.14,200.21,202.63,205.95,202.46,207.30,206.63
2022-06-07 22:07:19.428000,L8,206.60,207.89,148.18,113.35,196.05,195.81,194.78,187.35,200.18,193.28,200.46,100.88
2022-06-22 22:12:50.587000,L9,204.83,209.36,210.14,208.04,193.46,191.14,192.52,196.59,164.27,196.41,166.71,
2022-06-22 22:13:14.546000,L9,203.87,208.96,160.75,207.48,190.59,50.49,106.12,132.20,159.53,,,
2022-06-30 22:13:39.455000,L8,210.36,211.17,111.65,129.83,202.99,202.38,200.85,204.34,203.72,199.73,113.91,192.06
2022-07-01 22:07:06.314000,L9,212.41,213.76,216.81,213.61,207.70,205.84,204.98,207.00,206.51,203.20,206.93,189.45
2022-07-16 22:13:14.888000,L8,205.91,210.06,143.79,127.76,203.42,202.82,203.16,201.64,202.26,202.18,206.44,205.86
2022-08-09 22:13:10.348000,L9,,201.43,211.72,202.55,194.56,193.29,191.27,188.14,185.64,190.08,177.96,89.20
2022-08-09 22:13:34.311000,L9,125.53,38.79,214.34,206.97,200.96,203.02,198.31,198.60,202.20,198.19,127.80,104.40
2022-08-10 22:07:44.129000,L8,201.43,207.18,212.99,210.62,202.29,201.72,204.06,202.42,202.68,199.93,110.24,109.13
2022-08-26 22:07:46.208000,L8,201.82,206.88,210.97,209.91,201.30,202.97,206.40,200.90,201.10,199.58,199.60,107.13
2022-10-05 22:07:34.692000,L9,307.77,261.30,265.03,261.41,271.39,297.36,321.45,270.24,275.26,293.34,285.16,257.73
2022-10-29 22:07:52.427000,L8,204.97,206.58,202.96,192.43,199.19,199.07,196.45,195.22,190.80,186.42,194.80,
2022-11-05 22:13:39.035000,L8,207.61,210.25,204.60,203.01,205.06,202.35,208.58,202.38,202.71,201.05,203.41,116.55
2022-11-06 22:07:39.965000,L9,252.19,254.63,258.00,258.11,244.25,253.35,255.92,244.19,251.61,247.28,249.09,245.94
2022-11-14 22:07:47.062000,L8,285.47,257.26,264.07,259.47,257.46,262.77,294.52,261.26,267.89,273.65,267.79,258.68
2022-12-23 22:13:23.727000,L8,199.01,200.78,201.27,185.69,192.36,183.82,186.48,190.32,196.26,189.18,197.05,95.63
2022-12-23 22:13:47.690000,L8,,196.82,195.04,180.45,189.58,174.28,162.15,181.49,186.68,184.39,193.88,
2022-12-24 22:07:37.966000,L9,150.89,52.25,194.96,184.54,191.91,182.68,183.12,186.36,188.29,189.15,193.38,
2022-12-31 22:13:51.762000,L9,200.72,203.70,198.81,188.77,166.40,154.92,127.04,131.55,194.49,189.18,131.51,99.04
2023-01-01 22:07:39.051000,L8,199.28,202.24,198.10,184.87,146.19,152.54,126.62,120.18,190.75,184.64,194.42,
2023-01-08 22:13:24.303000,L8,197.10,201.02,196.64,184.56,165.80,155.52,129.58,139.17,188.81,187.76,195.87,
2023-01-08 22:13:48.257000,L8,196.96,200.93,196.75,184.32,165.58,155.40,129.53,139.13,188.88,187.67,195.73,
2023-01-16 22:13:22.088000,L9,219.57,221.49,221.73,218.18,215.75,214.39,220.31,217.77,221.18,223.33,217.01,215.35
2023-01-25 22:07:37.119000,L9,203.94,205.76,201.86,191.28,194.85,196.75,195.16,195.86,199.60,190.86,192.36,98.91
2023-02-10 22:07:44.308000,L9,206.70,207.60,205.44,191.05,192.36,184.51,180.56,178.15,178.68,,,104.03
2023-02-17 22:13:25.410000,L9,149.79,90.06,155.42,95.46,190.93,192.70,186.57,191.04,175.21,150.96,,
2023-02-18 22:07:25.855000,L8,250.25,249.98,249.03,256.13,243.02,255.01,256.43,244.13,252.17,256.76,250.45,246.32
2023-02-25 22:13:04.126000,L8,,200.37,194.96,184.32,193.79,194.45,194.26,195.43,198.83,183.55,2.15,96.07
2023-03-05 22:13:13.287000,L9,203.03,205.80,208.97,195.40,201.81,199.77,198.55,200.31,199.69,196.43,202.24,108.63
2023-03-05 22:13:37.250000,L9,203.42,206.32,209.54,196.38,202.24,200.38,199.04,200.99,200.24,196.75,202.77,110.61
2023-03-06 22:07:14.102000,L8,249.33,246.35,244.05,256.56,244.55,253.25,253.12,238.96,250.11,253.32,249.54,244.91
2023-03-13 22:12:59.020000,L8,206.20,209.03,209.35,206.29,200.13,201.44,204.56,202.15,204.33,202.02,204.38,115.58
2023-03-13 22:13:22.974000,L8,205.80,208.81,209.03,205.86,199.58,200.99,203.99,201.69,204.01,201.55,204.06,114.56
2023-03-14 22:07:23.107000,L9,223.99,224.40,224.61,221.40,217.19,215.85,220.94,217.06,220.52,221.56,218.87,216.91
2023-03-21 22:13:07.064000,L9,201.47,206.33,209.75,202.97,193.25,189.59,196.31,193.10,192.54,194.60,5.83,99.73
2023-03-21 22:13:31.023000,L9,202.37,207.07,210.37,204.04,194.14,191.39,197.47,194.14,196.29,196.11,194.18,101.78
2023-03-22 22:07:04.713000,L8,206.54,209.14,213.42,206.48,198.51,196.86,198.96,195.29,201.69,198.20,201.25,107.75
2023-03-29 22:12:48.912000,L8,219.99,224.21,224.66,222.76,217.51,216.06,221.07,214.84,223.41,221.47,220.12,217.26
2023-03-29 22:13:12.871000,L8,220.48,224.60,225.21,223.55,218.06,216.61,221.60,215.54,224.53,222.04,220.74,217.56
2023-03-30 22:07:11.153000,L9,225.93,224.62,226.02,226.76,217.62,215.67,220.81,216.75,222.22,221.71,219.58,218.39
2023-04-14 22:12:57.887000,L8,210.51,211.68,213.56,211.13,206.70,204.15,10.30,164.76,204.52,198.03,208.95,207.02
2023-04-22 22:12:51.035000,L9,202.44,206.10,211.77,207.21,192.97,189.33,194.89,183.69,194.99,195.02,200.65,103.53
2023-04-22 22:13:14.998000,L9,202.57,206.65,211.90,207.32,193.25,189.84,195.12,183.83,195.26,195.31,200.74,103.82
2023-04-23 22:06:45.046000,L8,206.99,210.20,211.84,210.57,200.39,203.18,203.95,198.02,203.52,201.11,204.52,112.54
2023-05-16 22:12:16.239000,L8,210.40,211.81,139.33,33.92,205.50,204.84,209.29,202.50,204.74,204.41,208.02,205.37
2023-05-16 22:12:40.194000,L8,210.24,211.76,140.51,34.96,205.35,204.55,209.17,201.99,204.37,203.99,207.89,205.36
2023-05-24 22:12:29.077000,L9,209.24,211.71,214.56,212.36,205.89,205.32,209.73,203.45,204.10,202.57,204.66,206.16
2023-06-01 22:12:19.164000,L8,206.84,36.65,147.27,107.99,202.01,202.77,203.63,201.48,201.66,199.04,201.94,86.11
2023-06-01 22:12:43.119000,L8,207.31,35.13,145.72,2.20,202.60,202.99,204.03,202.07,202.23,60.04,113.96,192.71
2023-06-02 22:06:41.744000,L9,208.47,210.52,212.08,210.33,202.00,202.99,200.76,201.72,201.38,197.14,202.70,86.07
2023-06-09 22:12:24.777000,L9,209.94,212.67,146.40,94.08,205.88,205.92,206.76,203.04,203.25,201.72,63.59,191.36
2023-06-09 22:12:48.736000,L9,234.60,240.73,236.81,238.83,234.98,231.37,229.08,222.39,232.34,229.24,229.34,231.68
2023-06-10 22:06:39.746000,L8,208.34,208.82,144.37,114.29,201.74,200.94,204.08,200.30,201.06,199.53,203.07,89.32
2023-07-03 22:12:39.306000,L8,206.74,38.50,158.70,139.03,201.01,203.11,201.86,203.02,199.86,195.59,128.74,77.06
2023-07-11 22:12:36.241000,L9,208.99,210.94,211.90,211.02,204.65,205.59,205.40,204.59,202.71,200.14,205.30,205.61
2023-07-20 22:06:49.934000,L9,126.21,49.07,159.85,137.27,193.76,202.98,199.33,192.78,138.74,,,67.01
2023-07-27 22:12:38.836000,L9,207.08,39.97,148.90,125.12,204.79,204.87,209.29,203.69,201.31,199.60,99.90,85.21
2023-07-27 22:13:02.799000,L9,209.54,36.25,143.37,112.93,207.02,206.91,211.04,206.44,203.80,203.02,205.15,205.22
2023-07-28 22:07:02.846000,L8,151.35,49.00,154.46,133.69,198.70,201.23,200.75,198.83,198.06,186.35,199.11,
2023-08-05 22:06:59.027000,L9,220.50,221.78,228.56,190.03,214.94,215.11,218.62,,,202.98,69.10,208.23
2023-08-13 22:07:07.940000,L8,206.69,211.10,211.86,210.77,204.56,205.93,206.81,203.99,202.52,201.87,205.09,111.15
2023-08-20 22:12:59.423000,L8,208.84,213.37,213.41,210.87,205.50,206.58,209.41,207.08,205.21,204.12,206.35,104.94
2023-08-20 22:13:23.386000,L8,208.11,212.89,134.94,113.24,205.23,206.21,209.10,206.51,204.53,203.09,205.73,103.00
2023-08-21 22:07:04.005000,L9,209.32,210.46,214.85,212.44,206.46,206.38,209.49,206.16,203.82,202.63,206.20,155.18
2023-08-28 22:12:56.142000,L9,199.65,205.12,156.25,123.22,199.21,203.89,206.41,198.59,198.94,198.45,202.76,91.80
2023-08-28 22:13:20.105000,L9,199.25,204.84,155.37,122.30,198.89,203.31,206.37,198.33,198.77,198.41,202.19,91.92
2023-08-29 22:07:14.014000,L8,249.35,253.82,259.13,257.33,246.97,254.88,255.58,255.47,252.50,257.70,249.13,248.68
2023-09-06 22:07:14.613000,L9,203.90,208.13,207.27,207.05,203.58,204.99,203.42,203.28,201.18,200.00,202.57,98.88
2023-09-29 22:13:26.677000,L9,199.44,202.33,198.89,202.20,200.78,200.21,204.87,198.61,199.15,197.31,201.36,87.85
2023-10-08 22:07:22.193000,L9,231.24,228.43,227.76,231.65,219.00,221.72,229.15,222.75,225.34,226.62,224.08,219.44
2023-10-15 22:13:14.958000,L9,203.79,207.73,207.06,207.28,203.46,196.17,204.93,198.53,199.16,197.71,204.01,100.18
2023-10-31 22:13:09.706000,L9,241.27,242.26,243.61,249.70,239.94,247.76,233.26,232.64,241.78,235.54,241.99,240.32
2023-11-09 22:07:24.721000,L9,258.84,256.33,264.10,258.19,250.28,256.65,261.85,257.27,256.33,263.91,260.10,253.29
2023-11-17 22:07:27.133000,L8,203.19,204.41,193.23,186.47,194.89,193.08,195.97,193.96,198.60,185.74,195.08,88.83
2023-11-24 22:13:15.871000,L8,223.17,224.29,223.30,218.35,218.48,216.47,220.90,219.24,223.35,221.66,217.39,213.77
2023-11-24 22:13:39.830000,L8,222.93,224.26,223.17,218.18,218.36,216.39,220.76,219.11,223.20,221.50,217.12,213.73
2023-11-25 22:07:32.484000,L9,220.79,225.59,221.08,215.72,214.71,212.96,221.49,216.81,216.28,220.62,214.74,213.10
2023-12-10 22:13:09.269000,L8,205.35,207.78,206.25,196.37,199.61,201.94,196.00,195.30,199.92,197.08,201.25,198.32
2023-12-10 22:13:33.227000,L8,199.41,202.75,197.80,187.15,193.35,189.01,183.75,182.65,188.52,184.02,76.58,93.12
2023-12-18 22:13:44.941000,L9,225.85,227.11,226.01,221.92,217.09,216.01,221.79,220.14,222.59,226.73,221.36,217.84
2023-12-19 22:07:27.073000,L8,234.73,233.06,231.32,226.33,236.37,238.37,224.23,222.57,249.34,232.74,225.94,227.80
2024-01-03 22:13:39.786000,L9,226.21,226.46,227.62,223.86,218.54,214.99,221.67,221.73,225.35,230.52,224.99,223.86
2024-01-11 22:13:08.314000,L8,196.99,200.93,201.81,190.48,170.71,160.42,137.63,140.14,187.80,187.22,,101.31
2024-01-11 22:13:32.277000,L8,197.57,201.38,202.22,191.34,171.50,161.14,138.91,141.46,189.31,8.66,192.52,102.57
2024-01-12 22:07:30.793000,L9,250.06,247.90,249.33,254.82,245.23,250.81,237.09,245.32,252.17,247.03,249.97,250.65
2024-01-28 22:07:30.090000,L9,249.79,253.53,255.01,257.62,248.54,252.28,243.14,249.51,252.53,254.39,255.81,247.73
2024-02-04 22:13:19.606000,L9,220.01,223.70,224.91,219.78,217.00,214.15,220.27,219.42,223.20,225.34,222.20,217.62
2024-02-04 22:13:43.561000,L9,219.30,223.23,224.34,219.18,216.48,213.55,219.66,218.97,222.47,224.31,220.95,216.89
2024-02-05 22:07:19.904000,L8,223.65,223.06,224.20,219.21,218.21,216.47,220.06,219.13,228.03,224.54,221.80,218.50
2024-02-12 22:13:06.098000,L8,211.27,212.81,214.61,209.81,206.77,207.60,211.84,112.54,111.54,198.23,207.36,208.41
2024-02-12 22:13:30.056000,L8,208.89,211.38,212.49,207.47,204.75,205.58,209.51,203.53,204.51,19.44,205.15,206.38
2024-02-20 22:13:07.958000,L9,265.45,260.42,268.01,259.99,248.65,258.42,262.83,259.79,257.20,258.87,252.32,253.77
2024-02-21 22:07:17.333000,L8,248.12,251.42,247.66,260.31,246.32,252.69,258.31,253.86,249.70,255.04,247.66,244.64
2024-02-28 22:13:00.104000,L8,252.44,255.86,258.32,257.66,249.47,255.15,254.34,258.56,254.24,259.76,255.61,253.06
2024-02-28 22:13:24.063000,L8,252.07,255.86,258.09,257.61,249.13,255.16,254.36,258.27,254.15,259.74,255.18,252.74
2024-02-29 22:07:23.348000,L9,255.72,258.83,263.04,258.25,253.27,255.66,259.39,258.59,256.96,258.98,259.94,255.96
2024-03-07 22:13:35.891000,L9,234.00,234.16,237.74,236.43,232.81,235.95,228.31,234.62,244.85,238.78,237.75,235.51
2024-03-15 22:12:49.841000,L8,225.19,223.51,222.36,219.90,215.83,215.96,221.20,217.82,224.05,223.55,220.28,216.26
2024-03-15 22:13:13.795000,L8,223.55,223.33,222.23,219.87,215.88,215.87,221.12,217.90,224.05,223.48,219.99,215.79
2024-03-16 22:07:23.404000,L9,223.87,226.82,224.75,219.83,217.71,215.17,219.71,217.88,244.70,221.30,220.50,219.03
2024-03-23 22:13:07.482000,L9,196.90,203.32,163.07,156.91,173.36,166.26,142.98,155.79,203.66,201.37,205.16,107.28
2024-03-23 22:13:31.441000,L9,197.50,203.66,203.19,183.25,173.87,166.85,144.16,157.17,203.79,201.49,205.24,109.24
2024-04-17 22:07:03.684000,L9,223.62,226.31,223.76,219.89,218.49,212.97,218.39,217.86,229.75,221.78,220.35,220.08
2024-04-25 22:06:40.168000,L8,215.66,215.95,216.68,211.47,206.52,204.58,210.15,202.83,203.15,158.58,159.38,99.68
2024-05-02 22:12:20.382000,L8,223.92,236.66,225.99,228.52,220.57,214.46,220.76,221.08,233.06,222.90,219.65,222.34
2024-05-02 22:12:44.341000,L8,224.29,236.89,226.22,229.02,220.93,214.61,220.93,221.19,233.24,223.17,219.85,222.58
2024-05-03 22:06:49.872000,L9,224.21,225.95,224.11,221.10,220.25,214.31,218.78,219.41,223.10,222.32,218.06,220.43
2024-05-10 22:12:36.648000,L9,253.76,261.07,265.78,260.64,249.63,255.94,257.37,262.14,254.52,262.77,254.72,256.92
2024-05-10 22:13:00.607000,L9,227.47,228.33,225.77,233.44,221.25,215.81,220.15,220.22,226.93,223.79,222.10,223.53
2024-05-11 22:06:27.762000,L8,258.37,261.75,267.08,261.24,255.65,255.76,255.50,260.30,254.99,260.34,256.29,258.53
2024-05-19 22:06:42.049000,L9,152.29,66.10,163.38,161.91,149.75,200.22,196.27,201.05,198.48,195.83,,
2024-05-26 22:12:24.082000,L9,227.71,237.17,228.21,230.69,227.26,229.70,221.87,223.06,233.21,224.54,222.80,225.71
2024-05-26 22:12:48.041000,L9,215.24,214.21,217.44,214.53,211.46,207.75,209.97,211.44,210.03,209.57,209.54,212.01
2024-06-03 22:12:05.524000,L8,207.04,209.75,161.25,109.72,201.62,204.07,202.83,203.62,203.33,202.39,204.58,205.29
2024-06-03 22:12:29.487000,L8,207.30,209.96,161.43,68.84,202.32,204.32,203.43,203.86,203.58,202.99,204.84,205.63
2024-06-04 22:06:35.804000,L9,208.30,210.06,149.39,68.62,199.07,203.95,200.62,204.54,202.06,200.73,203.97,204.25
2024-06-11 22:12:18.141000,L9,205.73,206.56,211.18,209.55,191.94,191.61,186.10,199.60,,,,
2024-06-11 22:12:42.100000,L9,203.76,205.51,210.30,208.51,170.05,168.65,180.06,198.07,,,,
2024-06-19 22:12:37.125000,L8,121.15,46.05,28.26,126.30,199.37,200.36,196.85,202.54,200.45,194.72,168.56,86.23
2024-06-27 22:12:04.918000,L9,206.50,210.69,211.76,206.33,197.65,203.10,200.75,202.34,201.22,199.61,200.02,99.68
2024-06-27 22:12:28.885000,L9,208.60,212.71,213.33,208.08,200.31,204.15,202.81,203.85,203.21,202.18,132.46,104.62
2024-06-28 22:06:31.354000,L8,,180.98,167.70,202.62,180.23,197.03,196.66,195.63,201.55,197.90,200.64,82.26
2024-07-05 22:12:21.266000,L8,213.19,214.22,212.93,211.52,202.94,204.79,197.66,203.51,206.60,206.78,209.42,209.67
2024-07-05 22:12:45.229000,L8,213.04,214.00,212.92,211.35,202.72,204.46,197.05,203.28,206.18,206.36,209.20,209.51
2024-07-06 22:06:32.918000,L9,210.64,210.59,212.39,110.86,196.27,195.85,187.48,202.77,203.53,203.07,205.84,204.81
2024-08-06 22:12:33.326000,L8,226.24,228.97,225.78,226.57,218.59,218.09,219.34,219.27,224.35,223.79,222.59,218.86
2024-08-06 22:12:57.285000,L8,211.62,212.97,213.46,212.85,205.02,205.62,208.20,205.07,205.83,209.99,208.00,207.57
2024-08-23 22:06:59.383000,L9,206.04,207.38,211.35,207.68,198.97,202.16,202.55,202.23,202.94,202.05,203.30,101.04
2024-08-31 22:07:03.291000,L8,208.34,211.72,212.62,208.73,201.95,201.93,199.06,202.13,201.30,204.11,204.50,102.25
2024-09-07 22:12:54.954000,L8,194.36,,,,76.19,147.23,186.83,184.57,47.33,,,
2024-09-07 22:13:18.913000,L8,220.36,225.25,227.67,224.48,218.20,223.37,222.20,241.96,226.92,229.33,372.03,310.97
2024-09-24 22:07:01.359000,L9,227.23,228.11,229.18,233.44,225.73,227.62,224.39,221.01,226.25,225.36,222.31,220.47
2024-10-09 22:12:57.415000,L8,196.78,207.29,206.02,206.09,204.43,203.95,202.99,202.65,201.82,200.42,202.17,98.85
2024-10-09 22:13:21.382000,L8,196.54,206.94,205.42,205.90,204.35,203.58,203.03,202.34,201.61,200.36,201.93,98.79
2024-10-10 22:07:10.262000,L9,238.04,231.89,234.00,240.13,237.72,252.23,232.49,227.22,244.54,234.96,225.87,225.31
2024-11-02 22:13:05.642000,L9,250.64,249.52,243.84,256.24,243.85,253.16,251.58,242.48,251.16,252.92,245.51,247.11
2024-11-02 22:13:29.609000,L9,250.08,248.32,243.47,256.06,243.70,252.85,249.96,241.42,250.88,252.53,244.76,246.34
2024-11-11 22:07:15.564000,L9,206.02,206.38,208.47,206.32,204.30,206.81,204.76,203.75,204.96,202.06,204.57,199.07
2024-11-19 22:07:19.849000,L8,210.18,209.01,209.85,208.93,205.94,207.24,208.78,207.17,205.04,204.95,207.59,191.76
2024-12-04 22:13:36.311000,L9,210.23,211.52,207.50,206.10,205.99,206.38,201.79,191.74,199.38,198.71,204.83,200.73
2024-12-13 22:07:21.847000,L9,246.83,247.99,246.40,252.24,242.76,252.12,237.66,241.75,248.64,241.89,248.92,245.13
2025-01-05 22:13:06.930000,L9,236.03,228.39,231.22,228.55,219.59,229.04,226.65,221.85,232.68,231.89,224.96,223.45
2025-01-05 22:13:30.889000,L9,234.32,228.50,231.25,228.63,218.12,228.13,225.74,221.67,232.06,230.56,224.51,223.07
2025-01-06 22:07:18.443000,L8,247.37,235.64,238.88,233.11,235.98,224.39,229.36,225.51,249.25,236.76,228.15,228.16
2025-01-21 22:13:13.111000,L9,221.08,223.15,224.38,220.90,215.83,213.76,221.08,219.25,221.61,223.48,217.58,214.06
2025-01-21 22:13:37.070000,L9,221.64,223.48,224.58,221.14,215.63,213.82,221.04,219.42,221.87,223.52,217.68,214.36
2025-01-22 22:07:13.469000,L8,221.14,225.80,226.55,222.29,218.08,217.99,220.28,219.00,225.97,223.71,220.25,215.12
2025-01-30 22:07:20.065000,L9,248.00,239.29,241.15,249.13,239.41,247.84,234.99,234.47,244.33,239.61,235.08,233.99
2025-02-06 22:13:07.305000,L9,226.38,228.10,233.22,229.75,228.01,222.42,227.93,222.74,232.86,229.37,223.88,220.28
2025-02-14 22:13:00.313000,L8,252.10,256.09,245.08,259.10,245.75,256.93,257.44,244.98,251.94,251.72,243.86,246.42
2025-02-14 22:13:24.276000,L8,252.06,255.98,245.05,259.07,245.75,256.94,257.38,244.93,251.93,251.33,243.95,246.44
2025-02-22 22:13:09.242000,L9,207.63,209.21,203.07,206.57,202.53,202.18,207.65,200.48,203.06,203.08,205.13,116.93
2025-02-22 22:13:33.201000,L9,225.91,226.30,225.61,222.69,220.10,222.14,221.79,220.02,224.56,223.86,221.07,217.90
2025-03-02 22:12:52.152000,L8,249.12,245.58,244.93,256.08,242.76,252.05,236.99,245.33,252.70,245.35,247.56,244.72
2025-03-02 22:13:16.115000,L8,249.26,245.57,244.94,256.25,242.81,252.14,237.16,245.55,252.66,245.75,247.73,244.67
2025-03-10 22:13:04.148000,L9,262.29,258.26,265.40,260.13,263.04,258.14,259.86,260.99,257.57,262.11,258.46,256.10
2025-03-19 22:07:06.727000,L9,220.90,221.53,221.13,219.13,213.91,212.59,217.36,214.49,219.39,219.48,216.59,215.25
2025-03-26 22:13:17.287000,L9,253.19,259.19,263.03,259.85,248.82,256.15,258.83,260.07,254.02,263.01,254.15,254.72
2025-04-11 22:12:53.551000,L9,223.82,226.79,226.75,223.08,216.99,213.03,218.06,217.61,221.67,220.06,219.13,217.46
2025-04-27 22:13:08.647000,L9,208.17,42.20,132.81,206.18,192.11,190.05,186.17,166.23,200.43,199.71,203.78,103.01
2025-05-05 22:12:24.502000,L8,235.42,236.56,236.04,239.96,228.98,223.81,226.70,222.36,229.17,230.65,227.52,225.87
2025-05-05 22:12:48.453000,L8,235.45,236.87,235.97,239.99,228.92,223.83,226.65,222.40,229.41,230.77,227.61,225.88
2025-05-06 22:06:54.456000,L9,235.72,237.72,235.37,239.62,232.26,227.05,224.77,228.51,228.32,231.36,228.49,226.33
2025-05-21 22:12:27.926000,L8,234.40,241.75,235.28,238.50,234.17,228.92,228.63,232.05,238.88,231.80,229.99,229.40
2025-05-21 22:12:51.885000,L8,235.50,243.49,237.32,240.92,236.11,230.52,229.75,234.30,242.00,232.84,231.45,232.44
2025-05-22 22:06:43.734000,L9,214.30,212.27,211.93,210.73,206.50,205.65,205.75,207.05,204.50,206.13,207.31,206.16
2025-05-29 22:12:27.625000,L9,212.75,33.68,143.08,76.65,200.50,202.81,205.19,202.27,203.18,199.44,202.14,94.71
2025-05-30 22:06:42.533000,L8,195.74,38.56,145.49,207.99,201.09,203.40,202.51,204.15,202.98,200.91,203.16,96.94
2025-06-06 22:12:30.719000,L8,211.56,38.99,145.20,60.12,202.20,203.67,204.28,199.53,202.87,201.86,206.59,93.93
2025-06-06 22:12:54.682000,L8,122.93,39.06,145.71,7.42,202.64,203.89,204.74,200.64,203.32,202.33,206.96,94.64
2025-06-07 22:06:40.959000,L9,211.90,210.57,209.47,210.45,202.66,203.20,204.92,200.12,203.20,203.84,204.83,103.47
2025-06-14 22:12:59.081000,L9,205.98,204.79,206.89,207.64,191.18,17.33,96.27,131.90,199.59,196.85,202.57,72.91
2025-06-22 22:12:43.606000,L8,211.11,209.93,209.74,208.83,201.26,201.92,201.30,200.52,201.31,199.19,203.60,87.68
2025-06-22 22:13:07.565000,L8,214.16,211.81,211.86,211.06,204.77,203.58,205.09,203.70,203.61,202.22,205.95,205.82
2025-06-23 22:06:54.196000,L9,153.60,74.95,162.22,115.09,198.04,17.26,32.02,53.39,165.68,194.84,170.11,
2025-06-30 22:12:43.619000,L9,215.01,217.61,141.74,91.43,205.89,206.44,209.54,201.85,207.42,208.96,205.53,206.82
2025-07-17 22:07:04.709000,L8,214.00,211.07,211.57,209.44,202.19,205.23,208.52,202.47,204.41,204.84,204.34,99.23
2025-07-24 22:12:53.821000,L8,215.82,214.10,212.57,211.29,205.34,206.39,208.86,203.70,204.68,205.90,207.60,206.27
2025-07-24 22:13:17.780000,L8,215.76,214.07,212.55,211.29,205.20,206.34,208.67,203.65,204.62,205.67,207.58,206.49
2025-07-25 22:07:06.294000,L9,215.42,212.11,212.69,211.39,206.18,204.53,208.34,204.62,204.58,203.34,205.14,98.59
2025-08-01 22:13:18.765000,L9,212.94,213.37,211.20,209.95,205.20,206.33,208.50,203.48,204.83,204.97,206.48,205.69
2025-08-02 22:07:09.825000,L8,215.12,213.17,213.88,211.03,203.86,206.72,209.64,203.73,205.33,205.59,206.76,206.46
2025-08-09 22:13:01.398000,L8,211.25,209.27,211.79,208.11,201.05,202.97,202.52,202.32,201.57,198.16,202.55,96.97
2025-08-09 22:13:25.366000,L8,211.73,209.54,211.98,208.48,201.61,203.31,203.19,202.79,201.91,198.87,203.04,98.92
2025-08-10 22:07:16.143000,L9,211.52,208.98,210.15,208.82,201.45,202.54,205.33,201.00,202.12,201.85,117.48,100.59
2025-08-25 22:13:03.791000,L8,214.98,212.55,213.74,211.67,205.88,206.39,211.21,206.97,205.94,206.76,207.69,204.51
2025-08-25 22:13:27.754000,L8,213.96,211.71,212.88,210.73,204.82,205.84,210.45,205.95,205.46,206.04,206.88,164.68
2025-08-26 22:07:21.236000,L9,255.09,258.88,265.17,257.86,249.54,253.76,253.58,259.96,254.29,258.39,252.40,252.89
2025-09-10 22:13:08.201000,L8,208.29,209.14,209.71,209.10,203.55,203.90,206.82,201.97,84.75,63.46,60.15,103.87
2025-09-10 22:13:32.164000,L8,207.23,208.48,208.65,208.28,201.80,203.12,204.63,200.37,199.97,199.50,112.43,99.86
2025-09-18 22:13:37.653000,L9,206.90,207.75,207.63,207.88,203.63,203.58,203.03,199.89,200.40,199.80,202.87,103.87
2025-09-19 22:07:27.204000,L8,211.64,210.22,210.41,210.28,203.42,205.85,208.50,203.08,202.80,203.67,204.99,105.65
2025-09-26 22:13:14.966000,L8,209.22,209.45,211.13,209.83,203.44,204.66,208.64,204.05,203.45,204.61,205.80,111.61
2025-09-26 22:13:38.933000,L8,206.23,206.78,207.55,207.33,200.87,202.12,204.55,200.81,200.42,200.12,203.03,100.39
2025-10-04 22:13:17.983000,L9,,,91.67,145.28,190.21,198.01,203.79,204.16,198.48,140.72,185.42,
